255 255 255 255 255 255 255 255 255 255 255 255 255 255 255 255
255 255 255 255 255 255 255 255 255 255 255 255 255 255 255 255
255 255 255 255 255 255 255 255 236 253 255 255 255 255 255 255
255 255 255 255 255 255 253 238 209 250 255 255 255 255 255 255
255 255 255 255 255 255 248 113 138 233 246 255 255 255 255 255
255 255 255 255 255 246 232  67 132 180 202 255 255 255 255 255
255 255 255 255 255 239 220  56 128 147 187 255 255 255 255 255
255 255 255 255 255 210 169  51 211 147 186 255 255 255 255 255
255 255 255 255 255 231 214 206 193 210 229 255 255 255 255 255
255 255 255 255 255 229 200 172 173 191 228 255 255 255 255 255
255 255 255 255 255 236 184 167 167 179 234 255 255 255 255 255
255 255 255 255 255 252 211 169 169 208 251 255 255 255 255 255
255 255 255 255 255 255 254 245 244 254 255 255 255 255 255 255
255 255 255 255 255 255 255 255 255 255 255 255 255 255 255 255
255 255 255 255 255 255 255 255 255 255 255 255 255 255 255 255
255 255 255 255 255 255 255 255 255 255 255 255 255 255 255 255
255 255 255 255 255 255 255 255 255 255 255 255 255 255 255 255
255 255 255 255 255 255 255 255 255 255 255 255 255 255 255 255
255 255 255 255 255 255 255 255 233 253 255 255 255 255 255 255
255 255 255 255 255 255 254 246 200 249 255 255 255 255 255 255
255 255 255 255 255 255 251 179 113 237 252 255 255 255 255 255
255 255 255 255 255 250 243 156 108 219 238 255 255 255 255 255
255 255 255 255 255 246 237 151 107 210 234 255 255 255 255 255
255 255 255 255 255 231 210 149 205 218 234 255 255 255 255 255
255 255 255 255 255 221 207 191 166 202 219 255 255 255 255 255
255 255 255 255 255 217 172 131 132 160 215 255 255 255 255 255
255 255 255 255 255 227 149 123 122 140 223 255 255 255 255 255
255 255 255 255 255 251 190 126 125 186 250 255 255 255 255 255
255 255 255 255 255 255 254 241 240 254 255 255 255 255 255 255
255 255 255 255 255 255 255 255 255 255 255 255 255 255 255 255
255 255 255 255 255 255 255 255 255 255 255 255 255 255 255 255
255 255 255 255 255 255 255 255 255 255 255 255 255 255 255 255
255 255 255 255 255 255 255 255 255 255 255 255 255 255 255 255
255 255 255 255 255 255 255 255 255 255 255 255 255 255 255 255
255 255 255 255 255 255 255 255 225 252 255 255 255 255 255 255
255 255 255 255 255 255 254 253 179 247 255 255 255 255 255 255
255 255 255 255 255 255 254 247  60 233 254 255 255 255 255 255
255 255 255 255 255 243 241 246  54 230 253 255 255 255 255 255
255 255 255 255 255 233 229 246  54 230 253 255 255 255 255 255
255 255 255 255 255 195 160 240 180 245 253 255 255 255 255 255
255 255 255 255 255 193 165 149 100 169 193 255 255 255 255 255
255 255 255 255 255 189 109  35  36  87 185 255 255 255 255 255
255 255 255 255 255 205  67  19  17  50 199 255 255 255 255 255
255 255 255 255 255 249 139  24  24 132 246 255 255 255 255 255
255 255 255 255 255 255 254 230 229 253 255 255 255 255 255 255
255 255 255 255 255 255 255 255 255 255 255 255 255 255 255 255
255 255 255 255 255 255 255 255 255 255 255 255 255 255 255 255
255 255 255 255 255 255 255 255 255 255 255 255 255 255 255 255

255 255 255 255 255 255 255 255 255 255 255 255 255 255 255 255
255 255 255 255 255 255 255 255 255 255 255 255 255 255 255 255
255 255 255 255 255 255 255 255 255 255 255 255 255 255 255 255
255 255 255 255 255 255 255 255 255 255 255 255 255 255 255 255
255 255 255 255 255 255 255 255 255 255 255 255 255 255 255 255
255 255 255 255 247 202 188 187 230 229 234 252 255 255 255 255
255 255 253 251 234 181 148 147 210 192 179 209 254 255 255 255
255 255 237 209 138 132 128 212 194 174 167 169 245 255 255 255
255 255 255 239 114  68  56  52 207 173 167 170 246 255 255 255
255 255 255 254 249 232 221 169 214 200 185 211 254 255 255 255
255 255 255 255 255 246 239 211 231 230 236 253 255 255 255 255
255 255 255 255 255 255 255 255 255 255 255 255 255 255 255 255
255 255 255 255 255 255 255 255 255 255 255 255 255 255 255 255
255 255 255 255 255 255 255 255 255 255 255 255 255 255 255 255
255 255 255 255 255 255 255 255 255 255 255 255 255 255 255 255
255 255 255 255 255 255 255 255 255 255 255 255 255 255 255 255
255 255 255 255 255 255 255 255 255 255 255 255 255 255 255 255
255 255 255 255 255 255 255 255 255 255 255 255 255 255 255 255
255 255 255 255 255 255 255 255 255 255 255 255 255 255 255 255
255 255 255 255 255 255 255 255 255 255 255 255 255 255 255 255
255 255 255 255 255 255 255 255 255 255 255 255 255 255 255 255
255 255 255 255 253 239 235 234 220 216 224 250 255 255 255 255
255 255 253 250 237 220 210 219 203 161 141 186 254 255 255 255
255 255 233 201 113 109 108 205 167 132 122 126 240 255 255 255
255 255 255 246 180 157 152 149 191 132 123 126 241 255 255 255
255 255 255 254 251 243 237 210 207 173 150 190 254 255 255 255
255 255 255 255 255 251 247 232 221 218 227 252 255 255 255 255
255 255 255 255 255 255 255 255 255 255 255 255 255 255 255 255
255 255 255 255 255 255 255 255 255 255 255 255 255 255 255 255
255 255 255 255 255 255 255 255 255 255 255 255 255 255 255 255
255 255 255 255 255 255 255 255 255 255 255 255 255 255 255 255
255 255 255 255 255 255 255 255 255 255 255 255 255 255 255 255
255 255 255 255 255 255 255 255 255 255 255 255 255 255 255 255
255 255 255 255 255 255 255 255 255 255 255 255 255 255 255 255
255 255 255 255 255 255 255 255 255 255 255 255 255 255 255 255
255 255 255 255 255 255 255 255 255 255 255 255 255 255 255 255
255 255 255 255 255 255 255 255 255 255 255 255 255 255 255 255
255 255 255 255 254 254 254 254 193 186 200 247 255 255 255 255
255 255 252 248 234 230 230 245 169  87  51 133 254 255 255 255
255 255 225 180  60  54  54 181 101  36  17  24 230 255 255 255
255 255 255 253 248 247 246 240 149  35  19  25 230 255 255 255
255 255 255 254 254 241 230 161 166 110  67 139 254 255 255 255
255 255 255 255 255 243 233 195 194 189 206 250 255 255 255 255
255 255 255 255 255 255 255 255 255 255 255 255 255 255 255 255
255 255 255 255 255 255 255 255 255 255 255 255 255 255 255 255
255 255 255 255 255 255 255 255 255 255 255 255 255 255 255 255
255 255 255 255 255 255 255 255 255 255 255 255 255 255 255 255
255 255 255 255 255 255 255 255 255 255 255 255 255 255 255 255

255 255 255 255 255 255 255 255 255 255 255 255 255 255 255 255
255 255 255 255 255 255 255 255 255 255 255 255 255 255 255 255
255 255 255 255 255 255 255 255 255 255 255 255 255 255 255 255
255 255 255 255 255 255 254 245 246 254 255 255 255 255 255 255
255 255 255 255 255 252 209 169 170 211 253 255 255 255 255 255
255 255 255 255 255 234 179 167 167 185 236 255 255 255 255 255
255 255 255 255 255 229 192 174 173 200 230 255 255 255 255 255
255 255 255 255 255 230 210 194 207 214 231 255 255 255 255 255
255 255 255 255 255 187 147 212  52 169 211 255 255 255 255 255
255 255 255 255 255 188 148 128  56 221 239 255 255 255 255 255
255 255 255 255 255 202 181 132  68 232 246 255 255 255 255 255
255 255 255 255 255 247 234 138 114 249 255 255 255 255 255 255
255 255 255 255 255 255 251 209 239 254 255 255 255 255 255 255
255 255 255 255 255 255 253 237 255 255 255 255 255 255 255 255
255 255 255 255 255 255 255 255 255 255 255 255 255 255 255 255
255 255 255 255 255 255 255 255 255 255 255 255 255 255 255 255
255 255 255 255 255 255 255 255 255 255 255 255 255 255 255 255
255 255 255 255 255 255 255 255 255 255 255 255 255 255 255 255
255 255 255 255 255 255 255 255 255 255 255 255 255 255 255 255
255 255 255 255 255 255 254 240 241 254 255 255 255 255 255 255
255 255 255 255 255 250 186 126 126 190 252 255 255 255 255 255
255 255 255 255 255 224 141 122 123 150 227 255 255 255 255 255
255 255 255 255 255 216 161 132 132 173 218 255 255 255 255 255
255 255 255 255 255 220 203 167 191 207 221 255 255 255 255 255
255 255 255 255 255 234 219 205 149 210 232 255 255 255 255 255
255 255 255 255 255 235 210 108 152 237 247 255 255 255 255 255
255 255 255 255 255 239 220 109 157 243 251 255 255 255 255 255
255 255 255 255 255 253 237 113 180 251 255 255 255 255 255 255
255 255 255 255 255 255 250 201 246 254 255 255 255 255 255 255
255 255 255 255 255 255 253 233 255 255 255 255 255 255 255 255
255 255 255 255 255 255 255 255 255 255 255 255 255 255 255 255
255 255 255 255 255 255 255 255 255 255 255 255 255 255 255 255
255 255 255 255 255 255 255 255 255 255 255 255 255 255 255 255
255 255 255 255 255 255 255 255 255 255 255 255 255 255 255 255
255 255 255 255 255 255 255 255 255 255 255 255 255 255 255 255
255 255 255 255 255 255 254 230 230 254 255 255 255 255 255 255
255 255 255 255 255 247 133  24  25 139 250 255 255 255 255 255
255 255 255 255 255 200  51  17  19  67 206 255 255 255 255 255
255 255 255 255 255 186  87  36  35 110 189 255 255 255 255 255
255 255 255 255 255 193 169 101 149 166 194 255 255 255 255 255
255 255 255 255 255 254 245 181 240 161 195 255 255 255 255 255
255 255 255 255 255 254 230  54 246 230 233 255 255 255 255 255
255 255 255 255 255 254 230  54 247 241 243 255 255 255 255 255
255 255 255 255 255 254 234  60 248 254 255 255 255 255 255 255
255 255 255 255 255 255 248 180 253 254 255 255 255 255 255 255
255 255 255 255 255 255 252 225 255 255 255 255 255 255 255 255
255 255 255 255 255 255 255 255 255 255 255 255 255 255 255 255
255 255 255 255 255 255 255 255 255 255 255 255 255 255 255 255

255 255 255 255 255 255 255 255 255 255 255 255 255 255 255 255
255 255 255 255 255 255 255 255 255 255 255 255 255 255 255 255
255 255 255 255 255 255 255 255 255 255 255 255 255 255 255 255
255 255 255 255 255 255 255 255 255 255 255 255 255 255 255 255
255 255 255 255 255 255 255 255 255 255 255 255 255 255 255 255
255 255 255 255 253 236 230 231 211 239 246 255 255 255 255 255
255 255 255 254 211 185 200 214 169 221 232 249 254 255 255 255
255 255 255 246 170 167 173 207  52  56  68 114 239 255 255 255
255 255 255 245 169 167 174 194 212 128 132 138 209 237 255 255
255 255 255 254 209 179 192 210 147 148 181 234 251 253 255 255
255 255 255 255 252 234 229 230 187 188 202 247 255 255 255 255
255 255 255 255 255 255 255 255 255 255 255 255 255 255 255 255
255 255 255 255 255 255 255 255 255 255 255 255 255 255 255 255
255 255 255 255 255 255 255 255 255 255 255 255 255 255 255 255
255 255 255 255 255 255 255 255 255 255 255 255 255 255 255 255
255 255 255 255 255 255 255 255 255 255 255 255 255 255 255 255
255 255 255 255 255 255 255 255 255 255 255 255 255 255 255 255
255 255 255 255 255 255 255 255 255 255 255 255 255 255 255 255
255 255 255 255 255 255 255 255 255 255 255 255 255 255 255 255
255 255 255 255 255 255 255 255 255 255 255 255 255 255 255 255
255 255 255 255 255 255 255 255 255 255 255 255 255 255 255 255
255 255 255 255 252 227 218 221 232 247 251 255 255 255 255 255
255 255 255 254 190 150 173 207 210 237 243 251 254 255 255 255
255 255 255 241 126 123 132 191 149 152 157 180 246 255 255 255
255 255 255 240 126 122 132 167 205 108 109 113 201 233 255 255
255 255 255 254 186 141 161 203 219 210 220 237 250 253 255 255
255 255 255 255 250 224 216 220 234 235 239 253 255 255 255 255
255 255 255 255 255 255 255 255 255 255 255 255 255 255 255 255
255 255 255 255 255 255 255 255 255 255 255 255 255 255 255 255
255 255 255 255 255 255 255 255 255 255 255 255 255 255 255 255
255 255 255 255 255 255 255 255 255 255 255 255 255 255 255 255
255 255 255 255 255 255 255 255 255 255 255 255 255 255 255 255
255 255 255 255 255 255 255 255 255 255 255 255 255 255 255 255
255 255 255 255 255 255 255 255 255 255 255 255 255 255 255 255
255 255 255 255 255 255 255 255 255 255 255 255 255 255 255 255
255 255 255 255 255 255 255 255 255 255 255 255 255 255 255 255
255 255 255 255 255 255 255 255 255 255 255 255 255 255 255 255
255 255 255 255 250 206 189 194 195 233 243 255 255 255 255 255
255 255 255 254 139  67 110 166 161 230 241 254 254 255 255 255
255 255 255 230  25  19  35 149 240 246 247 248 253 255 255 255
255 255 255 230  24  17  36 101 181  54  54  60 180 225 255 255
255 255 255 254 133  51  87 169 245 230 230 234 248 252 255 255
255 255 255 255 247 200 186 193 254 254 254 254 255 255 255 255
255 255 255 255 255 255 255 255 255 255 255 255 255 255 255 255
255 255 255 255 255 255 255 255 255 255 255 255 255 255 255 255
255 255 255 255 255 255 255 255 255 255 255 255 255 255 255 255
255 255 255 255 255 255 255 255 255 255 255 255 255 255 255 255
255 255 255 255 255 255 255 255 255 255 255 255 255 255 255 255
